50002.357522 49998.745480 49996.597280 49997.162130 50000.113755 50003.735493 50005.908586 50005.346159 50002.357522 49998.683487 49996.482263 49997.053452 50000.060488 50003.728604 50005.903592 50005.326210 50002.357522 
49998.683487 49994.985692 49992.757761 49993.303951 49996.312901 50000.035891 50002.298954 50001.770233 49998.745480 49994.985692 49992.691570 49993.208708 49996.227994 49999.966075 50002.223861 50001.685769 49998.683487 
49996.482263 49992.691570 49990.376844 49990.901057 49993.968155 49997.794565 50000.148813 49999.654852 49996.597280 49992.757761 49990.376844 49990.843012 49993.874351 49997.681336 50000.021666 49999.522066 49996.482263 
49997.053452 49993.208708 49990.843012 49991.351964 49994.445059 49998.316657 50000.707182 50000.226663 49997.162130 49993.303951 49990.901057 49991.351964 49994.386968 49998.221298 50000.598401 50000.116058 49997.053452 
50000.060488 49996.227994 49993.874351 49994.386968 49997.465959 50001.303163 50003.653533 50003.154790 50000.113755 49996.312901 49993.968155 49994.445059 49997.465959 50001.265142 50003.612239 50003.118424 50000.060488 
50003.728604 49999.966075 49997.681336 49998.221298 50001.265142 50005.016867 50007.276317 50006.736770 50003.735493 50000.035891 49997.794565 49998.316657 50001.303163 50005.016867 50007.282470 50006.756660 50003.728604 
50005.903592 50002.223861 50000.021666 50000.598401 50003.612239 50007.282470 50009.454954 50008.875580 50005.908586 50002.298954 50000.148813 50000.707182 50003.653533 50007.276317 50009.454954 50008.895560 50005.903592 
50005.326210 50001.685769 49999.522066 50000.116058 50003.118424 50006.756660 50008.895560 50008.300747 50005.346159 50001.770233 49999.654852 50000.226663 50003.154790 50006.736770 50008.875580 50008.300747 50005.326210 
50002.357522 49998.683487 49996.482263 49997.053452 50000.060488 50003.728604 50005.903592 50005.326210 50002.357522 49998.745480 49996.597280 49997.162130 50000.113755 50003.735493 50005.908586 50005.346159 50002.357522 
49998.745480 49994.985692 49992.691570 49993.208708 49996.227994 49999.966075 50002.223861 50001.685769 49998.683487 49994.985692 49992.757761 49993.303951 49996.312901 50000.035891 50002.298954 50001.770233 49998.745480 
49996.597280 49992.757761 49990.376844 49990.843012 49993.874351 49997.681336 50000.021666 49999.522066 49996.482263 49992.691570 49990.376844 49990.901057 49993.968155 49997.794565 50000.148813 49999.654852 49996.597280 
49997.162130 49993.303951 49990.901057 49991.351964 49994.386968 49998.221298 50000.598401 50000.116058 49997.053452 49993.208708 49990.843012 49991.351964 49994.445059 49998.316657 50000.707182 50000.226663 49997.162130 
50000.113755 49996.312901 49993.968155 49994.445059 49997.465959 50001.265142 50003.612239 50003.118424 50000.060488 49996.227994 49993.874351 49994.386968 49997.465959 50001.303163 50003.653533 50003.154790 50000.113755 
50003.735493 50000.035891 49997.794565 49998.316657 50001.303163 50005.016867 50007.282470 50006.756660 50003.728604 49999.966075 49997.681336 49998.221298 50001.265142 50005.016867 50007.276317 50006.736770 50003.735493 
50005.908586 50002.298954 50000.148813 50000.707182 50003.653533 50007.276317 50009.454954 50008.895560 50005.903592 50002.223861 50000.021666 50000.598401 50003.612239 50007.282470 50009.454954 50008.875580 50005.908586 
50005.346159 50001.770233 49999.654852 50000.226663 50003.154790 50006.736770 50008.875580 50008.300747 50005.326210 50001.685769 49999.522066 50000.116058 50003.118424 50006.756660 50008.895560 50008.300747 50005.346159 
50002.357522 49998.745480 49996.597280 49997.162130 50000.113755 50003.735493 50005.908586 50005.346159 50002.357522 49998.683487 49996.482263 49997.053452 50000.060488 50003.728604 50005.903592 50005.326210 50002.357522 
