-0.706507 -0.541446 -0.294453 -0.003252 0.287891 0.534629 0.699408 0.757266 0.699337 0.534570 0.287862 -0.003292 -0.294522 -0.541531 -0.706574 -0.764486 -0.706507 
-2.004870 -1.534692 -0.831232 -0.001786 0.827495 1.530426 2.000004 2.164850 1.999853 1.530293 0.827420 -0.001896 -0.831413 -1.534914 -2.005043 -2.170036 -2.004870 
-2.997075 -2.293469 -1.240699 0.000757 1.242050 2.294292 2.997286 3.244078 2.997087 2.294107 1.241928 0.000597 -1.240929 -2.293744 -2.997294 -3.244222 -2.997075 
-3.533000 -2.703205 -1.461520 0.002897 1.467267 2.708716 3.538196 3.829413 3.537980 2.708497 1.467105 0.002723 -1.461726 -2.703459 -3.533221 -3.824447 -3.533000 
-3.532007 -2.702408 -1.460943 0.003386 1.467849 2.709521 3.539247 3.830574 3.539026 2.709267 1.467644 0.003212 -1.461105 -2.702628 -3.532224 -3.823380 -3.532007 
-2.994767 -2.291607 -1.239338 0.001937 1.243485 2.296290 2.999899 3.246962 2.999681 2.296015 1.243256 0.001777 -1.239460 -2.291793 -2.994966 -3.241735 -2.994767 
-2.002763 -1.532961 -0.829936 -0.000610 0.828990 1.532545 2.002809 2.167936 2.002635 1.532323 0.828808 -0.000719 -0.830011 -1.533093 -2.002914 -2.167766 -2.002763 
-0.705978 -0.540926 -0.294002 -0.002766 0.288597 0.535700 0.700909 0.758922 0.700841 0.535614 0.288528 -0.002806 -0.294031 -0.540984 -0.706048 -0.763928 -0.705978 
0.699337 0.534570 0.287862 -0.003292 -0.294522 -0.541531 -0.706574 -0.764486 -0.706507 -0.541446 -0.294453 -0.003252 0.287891 0.534629 0.699408 0.757266 0.699337 
1.999853 1.530293 0.827420 -0.001896 -0.831413 -1.534914 -2.005043 -2.170036 -2.004870 -1.534692 -0.831232 -0.001786 0.827495 1.530426 2.000004 2.164850 1.999853 
2.997087 2.294107 1.241928 0.000597 -1.240929 -2.293744 -2.997294 -3.244222 -2.997075 -2.293469 -1.240699 0.000757 1.242050 2.294292 2.997286 3.244078 2.997087 
3.537980 2.708497 1.467105 0.002723 -1.461726 -2.703459 -3.533221 -3.824447 -3.533000 -2.703205 -1.461520 0.002897 1.467267 2.708716 3.538196 3.829413 3.537980 
3.539026 2.709267 1.467644 0.003212 -1.461105 -2.702628 -3.532224 -3.823380 -3.532007 -2.702408 -1.460943 0.003386 1.467849 2.709521 3.539247 3.830574 3.539026 
2.999681 2.296015 1.243256 0.001777 -1.239460 -2.291793 -2.994966 -3.241735 -2.994767 -2.291607 -1.239338 0.001937 1.243485 2.296290 2.999899 3.246962 2.999681 
2.002635 1.532323 0.828808 -0.000719 -0.830011 -1.533093 -2.002914 -2.167766 -2.002763 -1.532961 -0.829936 -0.000610 0.828990 1.532545 2.002809 2.167936 2.002635 
0.700841 0.535614 0.288528 -0.002806 -0.294031 -0.540984 -0.706048 -0.763928 -0.705978 -0.540926 -0.294002 -0.002766 0.288597 0.535700 0.700909 0.758922 0.700841 
-0.706507 -0.541446 -0.294453 -0.003252 0.287891 0.534629 0.699408 0.757266 0.699337 0.534570 0.287862 -0.003292 -0.294522 -0.541531 -0.706574 -0.764486 -0.706507 
