0.699337 1.999853 2.997087 3.537980 3.539026 2.999681 2.002635 0.700841 -0.706507 -2.004870 -2.997075 -3.533000 -3.532007 -2.994767 -2.002763 -0.705978 0.699337 
0.534570 1.530293 2.294107 2.708497 2.709267 2.296015 1.532323 0.535614 -0.541446 -1.534692 -2.293469 -2.703205 -2.702408 -2.291607 -1.532961 -0.540926 0.534570 
0.287862 0.827420 1.241928 1.467105 1.467644 1.243256 0.828808 0.288528 -0.294453 -0.831232 -1.240699 -1.461520 -1.460943 -1.239338 -0.829936 -0.294002 0.287862 
-0.003292 -0.001896 0.000597 0.002723 0.003212 0.001777 -0.000719 -0.002806 -0.003252 -0.001786 0.000757 0.002897 0.003386 0.001937 -0.000610 -0.002766 -0.003292 
-0.294522 -0.831413 -1.240929 -1.461726 -1.461105 -1.239460 -0.830011 -0.294031 0.287891 0.827495 1.242050 1.467267 1.467849 1.243485 0.828990 0.288597 -0.294522 
-0.541531 -1.534914 -2.293744 -2.703459 -2.702628 -2.291793 -1.533093 -0.540984 0.534629 1.530426 2.294292 2.708716 2.709521 2.296290 1.532545 0.535700 -0.541531 
-0.706574 -2.005043 -2.997294 -3.533221 -3.532224 -2.994966 -2.002914 -0.706048 0.699408 2.000004 2.997286 3.538196 3.539247 2.999899 2.002809 0.700909 -0.706574 
-0.764486 -2.170036 -3.244222 -3.824447 -3.823380 -3.241735 -2.167766 -0.763928 0.757266 2.164850 3.244078 3.829413 3.830574 3.246962 2.167936 0.758922 -0.764486 
-0.706507 -2.004870 -2.997075 -3.533000 -3.532007 -2.994767 -2.002763 -0.705978 0.699337 1.999853 2.997087 3.537980 3.539026 2.999681 2.002635 0.700841 -0.706507 
-0.541446 -1.534692 -2.293469 -2.703205 -2.702408 -2.291607 -1.532961 -0.540926 0.534570 1.530293 2.294107 2.708497 2.709267 2.296015 1.532323 0.535614 -0.541446 
-0.294453 -0.831232 -1.240699 -1.461520 -1.460943 -1.239338 -0.829936 -0.294002 0.287862 0.827420 1.241928 1.467105 1.467644 1.243256 0.828808 0.288528 -0.294453 
-0.003252 -0.001786 0.000757 0.002897 0.003386 0.001937 -0.000610 -0.002766 -0.003292 -0.001896 0.000597 0.002723 0.003212 0.001777 -0.000719 -0.002806 -0.003252 
0.287891 0.827495 1.242050 1.467267 1.467849 1.243485 0.828990 0.288597 -0.294522 -0.831413 -1.240929 -1.461726 -1.461105 -1.239460 -0.830011 -0.294031 0.287891 
0.534629 1.530426 2.294292 2.708716 2.709521 2.296290 1.532545 0.535700 -0.541531 -1.534914 -2.293744 -2.703459 -2.702628 -2.291793 -1.533093 -0.540984 0.534629 
0.699408 2.000004 2.997286 3.538196 3.539247 2.999899 2.002809 0.700909 -0.706574 -2.005043 -2.997294 -3.533221 -3.532224 -2.994966 -2.002914 -0.706048 0.699408 
0.757266 2.164850 3.244078 3.829413 3.830574 3.246962 2.167936 0.758922 -0.764486 -2.170036 -3.244222 -3.824447 -3.823380 -3.241735 -2.167766 -0.763928 0.757266 
0.699337 1.999853 2.997087 3.537980 3.539026 2.999681 2.002635 0.700841 -0.706507 -2.004870 -2.997075 -3.533000 -3.532007 -2.994767 -2.002763 -0.705978 0.699337 
